# records dumped
BUS 1 225.00 0. 0. 0. 0.0 ;
BUS 2 20.00 150.0000 30.00000 0. 0.0 ;
BUS 3 225.00 0. 0. 0. 0.0 ;
BUS 4 225.00 0. 0. 0. 0.0 ;
BUS 5 15.00 0. 0. 0. 0.0 ;
LINE 1-3 1 3 4.16 41.6 195. 1350. 1 ;
LINE 1-3b 1 3 4.16 41.6 195. 1350. 1 ;
LINE 3-4 3 4 0.64 6.4 30. 1350. 1 ;
LINE 3-4b 3 4 0.64 6.4 30. 1350. 1 ;
TRANSFO 5-4 5 4 0.0 15. 0.0 0.0 103.0000 0. 500.0 1 ;
TRANSFO 2-3 2 3 0.0 15. 0.0 0.0 99.00000 0. 250.0 1 ;
LTC-V 2-3 2 80. 110. 31 0.01 1.0 30 10 ;
GENER 1 1 1 -295.1884 38.51649 1.020000 900.0 -9999. 9999.000 1 ;
GENER 5 5 5 450.0000 68.49894 1.000000 500.0 -9999. 9999.000 1 ;
SLACK 1 ;
LFRESV 1 1.020000 0. ;
LFRESV 2 1.003771 3.2197397E-02 ;
LFRESV 3 1.015371 0.1197330 ;
LFRESV 4 1.018372 0.1471879 ;
LFRESV 5 1.000000 0.2841578 ;
