BUS  1  225.00    0.0    0.0    0.0    0.0  ;
BUS  2   20.00  400.0   80.0    0.0    0.0  ;
BUS  3  225.00    0.0    0.0    0.0    0.0  ; 
BUS  4  225.00    0.0    0.0    0.0    0.0  ;
BUS  5   15.00    0.0    0.0    0.0    0.0  ; 

LINE 1-3   1  3  4.16  41.6  195. 1350. 1  ;
LINE 1-3b  1  3  4.16  41.6  195. 1350. 1  ;
LINE 3-4   3  4  0.64   6.4   30. 1350. 1  ;
LINE 3-4b  3  4  0.64   6.4   30. 1350. 1  ;

TRANSFO 5-4 5 4  0.0  15.  0.0  0.0  103.0  0.  500.0  1 ;
TRANSFO 2-3 2 3  0.0  15.  0.0  0.0   99.0  0.  600.0  1 ;
LTC-V   2-3 2 80. 110. 31 0.01 1.0 30 10 ;
GENER 1 1 1    0.0   0.0  1.05 900.0  -9999.  9999.  1  ;
GENER 5 5 5  300.0   0.0  1.00 500.0  -9999.  9999.  1  ;
SLACK 1 ;

