# records dumped
BUS 1 225.00 0. 0. 0. 0.0 ;
BUS 2 20.00 400.0000 80.00000 0. 0.0 ;
BUS 3 225.00 0. 0. 0. 0.0 ;
BUS 4 225.00 0. 0. 0. 0.0 ;
BUS 5 15.00 0. 0. 0. 0.0 ;
LINE 1-3 1 3 4.16 41.6 195. 1350. 1 ;
LINE 1-3b 1 3 4.16 41.6 195. 1350. 1 ;
LINE 3-4 3 4 0.64 6.4 30. 1350. 1 ;
LINE 3-4b 3 4 0.64 6.4 30. 1350. 1 ;
TRANSFO 5-4 5 4 0.0 15. 0.0 0.0 103.0000 0. 500.0 1 ;
TRANSFO 2-3 2 3 0.0 15. 0.0 0.0 99.00000 0. 600.0 1 ;
LTC-V 2-3 2 80. 110. 31 0.01 1.0 30 10 ;
GENER 1 1 1 101.1863 60.34737 1.050000 900.0 -9999. 9999.000 1 ;
GENER 5 5 5 300.0000 52.56134 1.000000 500.0 -9999. 9999.000 1 ;
SLACK 1 ;
LFRESV 1 1.050000 0. ;
LFRESV 2 0.9999196 -0.1336106 ;
LFRESV 3 1.014562 -3.5866514E-02 ;
LFRESV 4 1.017988 -1.7675078E-02 ;
LFRESV 5 1.000000 7.3513478E-02 ;
